2 113 156 0 0 0 242 211 182 
19
SQR 0 59 101 46 1 2 113 156 255 235 0
SQR 1 62 161 37 1 2 113 156 206 188 0
SQR 2 139 105 18 1 2 113 156 254 0 0
SQR 3 133 144 50 1 2 113 156 171 6 4
SQR 4 229 75 66 1 2 113 156 255 188 1
SQR 5 228 157 64 1 2 113 156 196 143 1
SQR 6 339 75 67 1 2 113 156 0 241 165
SQR 7 381 188 50 1 2 113 156 1 154 30
SQR 8 484 85 99 1 2 113 156 160 134 109
SQR 9 515 211 77 1 2 113 156 1 181 255
SQR 10 531 310 56 1 2 113 156 2 113 156
SQR 11 639 86 96 1 2 113 156 106 1 254
SQR 12 654 214 135 1 2 113 156 74 9 161
SQR 13 833 83 128 1 2 113 156 186 1 255
SQR 14 852 219 98 1 2 113 156 111 8 151
SQR 15 1006 84 78 1 2 113 156 255 2 217
SQR 16 1003 177 180 1 2 113 156 148 9 126
SQR 17 135 318 118 1 2 113 156 106 106 106
SQR 18 369 417 129 1 2 113 156 0 0 0
